{
'lr': 7.198092037657153e-05, 
'batch_size': 2048, 
'n_epochs': 8, 
'gae_lambda': 0.9378573895801482,
'clip_range': 0.2756070692966761,
'n_steps': 512,
'gamma': 0.9969960908039892, 
'ent_coef': 0.006348915391378632, 
'hidden_layer_sizes': 64
}